7501590496081345954
4907259735414299801
4914281676077084137
4905619081906480723
4915505733569965442
4912977019919634854
4908164618198599689
4916515865416921508
4909034549308431336
4908838959458642740
4914737862727450417
13503114974078603695
4917154399467679431
4908400910723533644
12534563927614855985
4915141384017754901
4910668925498798818
4919651345799416859
15481430757051878799
11762055509082071349
10004958875404314889
4921330226751167169
4921330226751167169
4909790828456905557
6144162323352052732
4908198755122979818
4917894935187476365
4909457867252674056
4908370655714046175
4909457867252674056
3447560677617198070
4921662822323235233
